01-31:  50012 50022 50052 50082 50292 50302 60122 60232 60472 60542 60812  70032 70042 80022 80032 80042 80052 80062

01-02:  50422 60022 61682 70012 70052 80012

06-02:  50052 50422 50072 50092 50102 50142 50172 50242 50262 50312 50352 50452 60472 60542 60562 60682 60742 60772 61162 61252 61372 61412 61432 61462 70052

13-02:  100012 100032 100042 100052 100062 100082 100102 100112 100122 10012 10032 10042 10062 10072 10082 10102 10112 10142 10152 10182 10192 10202 10222 10232 110012 110022 110032 110042 110052 110062 110072 110082 110092 120012 120022 120062 120072 120132 120152 120172 120182 120202 120212 120242 120252 120312 120342 120412 120432 20012 20022 20032 20042 30012 30022 30032 30042 30052 30062 30072 30082 30092 30102 30112 30122 30132 30142 30152 30162 40012 40022 40032 40042 40052 90022 90032 90042 90062 90072 90082 90132 90142 90152 90172 90192 90202 90252 90262 90282 90292 

17-02: 100014 100034 100044 100054 100064 100084 100104 100114 100124 10014 10034 10044 10064 10074 10084 10104 10114 10144 10154 10184 10194 10204 10224 10234 110014 110024 110034 110044 110054 110064 110074 110084 110094 120014 120024 120064 120074 120134 120154 120174 120184 120204 120214 120244 120254 120314 120344 120414 120434 20014 20024 20034 20044 30014 30024 30034 30044 30054 30064 30074 30084 30094 30104 30114 30124 30134 30144 30154 30164 40014 40024 40034 40044 40054 50014 50024 50054 50074 50084 50094 50104 50144 50174 50244 50264 50294 50304 50314 50354 50424 50454 60024 60124 60234 60474 60544 60564 60684 60744 60774 60814 61164 61254 61374 61414 61434 61464 61684 70014 70034 70044 70054 80014 80024 80034 80044 80054 80064 90024 90034 90044 90064 90074 90084 90134 90144 90154 90174 90194 90204 90254 90264 90284 90294 

20-02: 100010 100030 100040 100050 100060 100080 100100 10010 100110 100120 10030 10040 10060 10070 10080 10100 10110 10140 10150 10180 10190 10200 10220 10230 110010 110020 110030 110040 110050 110060 110070 110080 110090 120010 120020 120060 120070 120130 120150 120170 120180 120200 120210 120240 120250 120310 120340 120410 120430 20010 20020 20030 20040 30010 30020 30030 30040 30050 30060 30070 30080 30090 30100 30110 30120 30130 30140 30150 30160 40010 40020 40030 40040 40050 50010 50020 50050 50070 50080 50090 50100 50140 50170 50240 50260 50290 50300 50310 50350 50420 50450 60020 60120 60230 60470 60560 60680 60740 60770 60810 61160 61250 61370 61410 61430 61460 61680 70010 70030 70040 70050 80010 80020 80030 80040 80050 80060 90020 90030 90040 90060 90070 90080 90130 90140 90150 90170 90190 90200 90250 90260 90280 90290 60540*

20-02: 100016 100036 100046 100056 100066 100086 100106 100116 100126 10016 10036 10046 10066 10076 10086 10106 10116 10146 10156 10186 10196 10206 10226 10236 110016 110026 110036 110046 110056 110066 110076 110086 110096 120016 120026 120066 120076 120136 120156 120176 120186 120206 120216 120246 120256 120316 120346 120416 120436 20016 20026 20036 20046 30016 30026 30036 30046 30056 30066 30076 30086 30096 30106 30116 30126 30136 30146 30156 30166 40016 40026 40036 40046 40056 50016 50026 50056 50076 50086 50096 50106 50146 50176 50246 50266 50296 50306 50316 50356 50426 50456 60026 60126 60236 60476 60546 60566 60686 60746 60776 60816 61166 61256 61376 61416 61436 61466 61686 70016 70036 70046 70056 80016 80026 80036 80046 80056 80066 90026 90036 90046 90066 90076 90086 90136 90146 90156 90176 90196 90206 90256 90266 90286 90296 

02-03: 10064 10114 10154 30060 30090 30094 30110 30114 40010 40012 40014 40040 50074 50290 50292 50294 50314 50354 60124 60234 60474 60770 60774 61414 61434 61464 80024 100012 100042 100044 100082 100124 110014 110020 110022 110070 120244 

03-03: 50030 50032 50034 50060 50062 50064 50180 50182 50184 50200 50202 50204 50330 50332 50334 50340 50342 50344 50370 50372 50374 50400 50402 50404 50440 50442 50444 60430 60432 60434 60720 60722 60724

13-03: 50380 50382 50384 50410 50412 50414 50430 50432 50434 60840 60842 60844 100124 110014 110020 110022 

13-03: 10066 10106 30036 30076 50036 50066 50186 50206 50336 50386 50406 50416 50436 60126 60436 60726 60776 60846 61436 61466 

* 26-03: 140010 140012 140014 140020 140022 140024 140030 140032 140034 140040 140042 140044 140050 140052 140054 140060 140062 140064 140070 140072 140074 140080 140082 140084 140090 140092 140094 140100 140102 140104 140110 140112 140114 140120 140122 140124 140130 140132 140134 140140 140142 140144 140150 140152 140154 140160 140162 140164 140170 140172 140174 150010 150012 150014 150030 150032 150034 150040 150042 150044 150050 150052 150054 150060 150062 150064 150070 150072 150074 150080 150082 150084 150090 150092 150094 150100 150102 150104 150110 150112 150114 150120 150122 150124 150130 150132 150134 150140 150142 150144 150150 150152 150154 150160 150162 150164 150180 150182 150184 150190 150192 150194 150220 150222 150224 150230 150232 150234 150260 150262 150264 150270 150272 150274 150280 150282 150284 150290 150292 150294 150300 150302 150304 150310 150312 150314 150320 150322 150324 150330 150332 150334 170030 170032 170034 170050 170052 170054 170070 170072 170074 170100 170102 170104 170130 170132 170134 170160 170162 170164 170240 170242 170244 170340 170342 170344 170350 170352 170354 170360 170362 170364 170370 170372 170374 170390 170392 170394

* 26-03: 140016 140026 140036 140046 140056 140066 140076 140086 140096 140106 140116 140126 140136 140146 140156 140166 140176 150016 150036 150046 150056 150066 150076 150086 150096 150106 150116 150126 150136 150146 150156 150166 150186 150196 150226 150236 150266 150276 150286 150296 150306 150316 150326 150336 170036 170056 170076 170106 170136 170166 170246 170346 170356 170366 170376 170396
